1   20.4825
2   20.2264
3   19.9727
4   19.7215
5   19.4728
6   19.2257
7   18.9811
8   18.7381
9   18.4976
10   18.2587
11   18.0223
12   17.7875
13   17.5552
14   17.3245
15   17.0963
16   16.8697
17   16.6455
18   16.4229
19   16.2028
20   15.9842
21   15.768
22   15.5534
23   15.3412
24   15.1307
25   14.9225
26   14.7159
27   14.5117
28   14.3092
29   14.109
30   13.9104
31   13.7142
32   13.5196
33   13.3275
34   13.1368
35   12.9486
36   12.7618
37   12.5775
38   12.3946
39   12.2142
40   12.0352
41   11.8587
42   11.6836
43   11.5108
44   11.3395
45   11.1706
46   11.0031
47   10.8379
48   10.6742
49   10.5128
50   10.3529
51   10.1954
52   10.0393
53   9.88551
54   9.73291
55   9.58204
56   9.43233
57   9.28436
58   9.13755
59   8.99248
60   8.84857
61   8.7064
62   8.56539
63   8.42612
64   8.28801
65   8.15164
66   8.01643
67   7.88296
68   7.75065
69   7.62008
70   7.49068
71   7.363
72   7.2365
73   7.11173
74   6.98812
75   6.86625
76   6.74554
77   6.62657
78   6.50876
79   6.39269
80   6.27778
81   6.16461
82   6.0526
83   5.94233
84   5.83322
85   5.72585
86   5.61965
87   5.51517
88   5.41187
89   5.3103
90   5.20989
91   5.11122
92   5.01326
93   4.9166
94   4.82064
95   4.72597
96   4.63202
97   4.53935
98   4.4474
99   4.35673
100   4.26678
101   4.17811
102   4.09016
103   4.00349
104   3.91753
105   3.83287
106   3.74891
107   3.66625
108   3.58429
109   3.50363
110   3.42367
111   3.34501
112   3.26705
113   3.19039
114   3.11443
115   3.03977
116   2.96581
117   2.89305
118   2.82137
119   2.75051
120   2.68073
121   2.61177
122   2.54389
123   2.47683
124   2.41082
125   2.34571
126   2.2815
127   2.2182
128   2.15579
129   2.09429
130   2.03368
131   1.97397
132   1.91517
133   1.85726
134   1.80025
135   1.74415
136   1.68894
137   1.63463
138   1.58123
139   1.52872
140   1.47711
141   1.42641
142   1.3766
143   1.32769
144   1.27969
145   1.23258
146   1.18637
147   1.14107
148   1.09666
149   1.05315
150   1.01055
151   0.968842
152   0.928033
153   0.888129
154   0.84912
155   0.811015
156   0.773807
157   0.737502
158   0.702094
159   0.667589
160   0.63398
161   0.601276
162   0.569467
163   0.538563
164   0.508554
165   0.479449
166   0.451241
167   0.423936
168   0.397528
169   0.372023
170   0.347414
171   0.32371
172   0.300901
173   0.278996
174   0.257988
175   0.237883
176   0.218675
177   0.20037
178   0.182962
179   0.166457
180   0.150848
181   0.136144
182   0.122335
183   0.10943
184   0.0974219
185   0.0863172
186   0.0761087
187   0.066804
188   0.0583955
189   0.0508908
190   0.0442823
191   0.0382163
192   0.0326071
193   0.0274411
194   0.0227319
195   0.0184659
196   0.0146567
197   0.0112907
198   0.00838143
199   0.00591544
200   0.0039062
