10000   0.00844208
20000   0.00431445
30000   0.00272575
40000   0.00204855
50000   0.00147461
60000   0.0012145
70000   0.000755732
80000   0.000726896
90000   0.000699966
100000   0.000618572
110000   0.000477195
120000   0.000390973
130000   0.000373961
140000   0.000373961
150000   0.000373961
160000   0.000373961
170000   0.000369655
180000   0.000369655
190000   0.000369058
200000   0.000321255
210000   0.000316241
220000   0.000316241
230000   0.000297198
240000   0.000297198
250000   0.000259658
260000   0.000259658
270000   0.000239256
280000   0.000239256
290000   0.00023446
300000   0.000223894
310000   0.000223894
320000   0.000223894
330000   0.000207578
340000   0.000171284
350000   0.000171284
360000   0.000154997
370000   0.000154653
380000   0.000150146
390000   0.000150146
400000   0.000150146
410000   0.000150146
420000   0.000150146
430000   0.000150146
440000   0.000150146
450000   0.000150146
460000   0.000150146
470000   0.000150146
480000   0.000150146
490000   0.000150146
500000   0.000150146
510000   0.000142939
520000   0.000142939
530000   0.000142939
540000   0.000142939
550000   0.000139303
560000   0.000139303
570000   0.000139303
580000   0.000123962
590000   0.000123962
600000   0.000123962
610000   0.000110722
620000   0.000110722
630000   0.000110722
640000   0.000110722
650000   0.000109804
660000   0.000109804
670000   0.000109305
680000   0.000109305
690000   0.000101965
700000   0.000101965
710000   0.000101965
720000   0.000101965
730000   0.000101965
740000   9.75382e-05
750000   9.75382e-05
760000   9.75382e-05
770000   9.12699e-05
780000   8.32696e-05
790000   8.32696e-05
800000   8.32696e-05
810000   8.32696e-05
820000   8.32696e-05
830000   8.32696e-05
840000   8.21765e-05
850000   8.21765e-05
860000   8.21765e-05
870000   8.21765e-05
880000   8.21765e-05
890000   8.20025e-05
900000   8.20025e-05
910000   8.20025e-05
920000   8.20025e-05
930000   8.20025e-05
940000   8.20025e-05
950000   8.20025e-05
960000   8.20025e-05
970000   7.01145e-05
980000   7.01145e-05
990000   7.01145e-05
1000000   7.01145e-05
